01000000000000000000000000000000
00100000000000000000000000000000
11100000000000000000000000000000
00000000000000000000000000000000
00000000000100000000000000000000
00000000010110100000000000000000
00000000011100100000000000000000
00000000000100000000000000000000
00000001101101000000000000000000
00000000000001010000000000000000
00000001001100101000000000000000
00000000100000001000000000000000
00000000100000100000000000000000
00000000000101010000000000000000
00000000000010000000000000000000
00000000000000000000000000000000
00000000000000000000000000000000
00000000000000000000000000000000
00000000000000000000000000000000
00000000000000000000000000000000
00000000000000000000000000000000
00000000000000000000000000000000
00000000000000000000000000000000
00000000000000000000000000000000
