00000000000000000000000000000000
00000000000000000000000000000000
00000000000000000000000000000000
00000000000100000000000000000000
00000000010000000000000000000000
00000001000001000000000000000000
00000000000010010000000000000000
00000001000000000010000000000000
00000000011110010000000000000000
00000000011001100000000000000000
00000000100100010000010000000000
00000010100000101010001000000000
00000000011000100110001000000000
00000000000111010000110000000000
00000000001010000010000000000000
00000100000001010100000000000000
00000010000100011000000000000000
00000000000001000011000000000000
00000000000000000000000000000000
00000000000000000000000000000000
