00000000000000000000000000000000
00000000000000000000000000000000
00000000000100000000000000000000
00000000001010001000000000000000
00000000000000000000000000000000
00000000000000100000111000000000
00000000000000000010000000000000
00000000101001001000000000000000
00000000000001000101111110000000
00000000100010000100000000000000
00000000101000010000000000000000
00000000000000001110100000000000
00000000001000110000000000000000
00000000010000000000000100000000
00000000000000010000100011000000
00000100001000001000000000000000
00000000000001000001000000000000
00000000000000001100100000000000
00000000100000000000000000000000
00000000000000000100000000000000
00000000000000000000000000000000
00000000000000000000000000000000
00000000000000000000000000000000
00000000000000000000000000000000
