00000000000000000000000000000000
00000000000000000000000000000000
00000000000000000000000000000000
00000000000000000100010001000000
00000000000000010111010000000000
00000000000001100000000110000000
00000000000000100100111110000000
00000000000010001000100001000000
00000000000100000010000001100000
00000000000010100000001110010000
00000000100000011010110001000000
00000000001000000010000011000000
00000000000000000101001111100000
00000000000000000100000100000000
00000000000000000000111000000000
00000000000000000000000000000000
00000000000000000000000000000000
00000000000000000000000000000000
00000000000000000000000000000000
00000000000000000000000000000000
